1 600 33 100 1 400 33 70
2 552 34 99 2 368 34 69
3 510 35 98 3 340 35 68
3 510 36 97 3 340 36 67
5 420 37 96 5 280 37 66
6 417 38 95 6 278 38 65
7 414 39 94 7 276 39 64
8 411 40 93 8 274 40 63
9 321 41 92 9 214 41 62
10 318 42 91 10 212 42 61
11 315 43 90 11 210 43 60
12 312 44 89 12 208 44 59
13 309 45 88 13 206 45 58
14 306 46 87 14 204 46 57
15 303 47 86 15 202 47 56
16 300 48 85 16 200 48 55
17 210 49 84 17 140 49 54
18 207 50 83 18 138 50 53
19 204 51 82 19 136 51 52
20 201 52 81 20 134 52 51
21 198 53 80 21 132 53 50
22 195 54 79 22 130 54 49
23 192 55 78 23 128 55 48
24 189 56 77 24 126 56 47
25 786 57 76 25 124 57 46
26 183 58 75 26 122 58 45
27 180 59 74 27 120 59 44
28 177 60 73 28 118 60 43
29 174 61 72 29 116 61 42
30 171 62 71 30 114 62 41
31 168 63 70 31 112 63 40
32 165 64 69 32 110 64 39